
{M}assive {O}nline {A}nalysis
Version:  20.07 July 2020
Copyright: (C) 2007-2020 University of Waikato, Hamilton, New Zealand
Web: http://moa.cms.waikato.ac.nz/

- 0,00s [running] Evaluating learner...                                        \ 0,83s [running] 2,75% Evaluating learner...                                  | 1,59s [running] 4,95% Evaluating learner...                                  WARNING: An illegal reflective access operation has occurred
WARNING: Illegal reflective access by sizeof.agent.SizeOfAgent (file:/Users/08volt/Desktop/StremingML/moa-algorithms-comparison/tests/moa.jar) to field java.util.HashMap.table
WARNING: Please consider reporting this to the maintainers of sizeof.agent.SizeOfAgent
WARNING: Use --illegal-access=warn to enable warnings of further illegal reflective access operations
WARNING: All illegal access operations will be denied in a future release
/ 2,14s [running] 5,68% Evaluating learner...                                  - 3,08s [running] 8,25% Evaluating learner...                                  \ 3,33s [running] 8,43% Evaluating learner...                                  | 3,77s [running] 8,98% Evaluating learner...                                  / 4,63s [running] 9,90% Evaluating learner...                                  - 5,53s [running] 10,63% Evaluating learner...                                 \ 6,45s [running] 11,91% Evaluating learner...                                 | 7,39s [running] 13,01% Evaluating learner...                                 / 8,33s [running] 14,11% Evaluating learner...                                 - 9,23s [running] 14,85% Evaluating learner...                                 \ 9,99s [running] 15,03% Evaluating learner...                                 | 10,91s [running] 15,76% Evaluating learner...                                / 11,83s [running] 16,31% Evaluating learner...                                - 12,77s [running] 17,05% Evaluating learner...                                \ 13,68s [running] 17,60% Evaluating learner...                                | 14,61s [running] 18,15% Evaluating learner...                                / 15,53s [running] 18,70% Evaluating learner...                                - 16,47s [running] 19,25% Evaluating learner...                                \ 17,42s [running] 19,80% Evaluating learner...                                | 18,26s [running] 19,98% Evaluating learner...                                / 18,59s [running] 19,98% Evaluating learner...                                - 19,53s [running] 20,53% Evaluating learner...                                \ 20,43s [running] 21,08% Evaluating learner...                                | 21,37s [running] 21,81% Evaluating learner...                                / 22,30s [running] 22,18% Evaluating learner...                                - 23,24s [running] 22,73% Evaluating learner...                                \ 24,18s [running] 23,28% Evaluating learner...                                | 25,13s [running] 23,83% Evaluating learner...                                / 26,09s [running] 24,38% Evaluating learner...                                - 27,03s [running] 24,75% Evaluating learner...                                \ 27,80s [running] 24,93% Evaluating learner...                                | 28,60s [running] 25,11% Evaluating learner...                                / 29,52s [running] 25,48% Evaluating learner...                                - 30,39s [running] 25,85% Evaluating learner...                                \ 31,33s [running] 26,03% Evaluating learner...                                | 32,23s [running] 26,40% Evaluating learner...                                / 33,11s [running] 26,58% Evaluating learner...                                - 34,05s [running] 26,94% Evaluating learner...                                \ 34,98s [running] 27,31% Evaluating learner...                                | 35,80s [running] 27,50% Evaluating learner...                                / 36,64s [running] 27,86% Evaluating learner...                                - 37,59s [running] 28,04% Evaluating learner...                                \ 38,52s [running] 28,41% Evaluating learner...                                | 39,33s [running] 28,59% Evaluating learner...                                / 40,28s [running] 28,96% Evaluating learner...                                - 41,23s [running] 29,33% Evaluating learner...                                \ 42,05s [running] 29,51% Evaluating learner...                                | 42,94s [running] 29,69% Evaluating learner...                                / 43,87s [running] 29,88% Evaluating learner...                                - 44,57s [running] 30,06% Evaluating learner...                                \ 45,48s [running] 30,06% Evaluating learner...                                | 46,28s [running] 30,24% Evaluating learner...                                / 47,21s [running] 30,61% Evaluating learner...                                - 48,17s [running] 30,98% Evaluating learner...                                \ 49,12s [running] 31,34% Evaluating learner...                                | 50,05s [running] 31,71% Evaluating learner...                                / 50,97s [running] 31,89% Evaluating learner...                                - 51,89s [running] 32,26% Evaluating learner...                                \ 52,81s [running] 32,44% Evaluating learner...                                | 53,73s [running] 32,81% Evaluating learner...                                / 54,68s [running] 33,18% Evaluating learner...                                - 55,63s [running] 33,36% Evaluating learner...                                \ 56,08s [running] 33,54% Evaluating learner...                                | 56,83s [running] 33,73% Evaluating learner...                                / 57,79s [running] 34,09% Evaluating learner...                                - 58,72s [running] 34,28% Evaluating learner...                                \ 59,65s [running] 34,64% Evaluating learner...                                | 1m0s [running] 34,83% Evaluating learner...                                  / 1m1s [running] 35,01% Evaluating learner...                                  - 1m2s [running] 35,01% Evaluating learner...                                  \ 1m3s [running] 35,19% Evaluating learner...                                  | 1m4s [running] 35,56% Evaluating learner...                                  / 1m5s [running] 35,74% Evaluating learner...                                  - 1m6s [running] 35,93% Evaluating learner...                                  \ 1m6s [running] 36,29% Evaluating learner...                                  | 1m7s [running] 36,48% Evaluating learner...                                  / 1m8s [running] 36,66% Evaluating learner...                                  - 1m9s [running] 36,84% Evaluating learner...                                  \ 1m10s [running] 37,03% Evaluating learner...                                 | 1m11s [running] 37,21% Evaluating learner...                                 / 1m12s [running] 37,39% Evaluating learner...                                 - 1m13s [running] 37,58% Evaluating learner...                                 \ 1m13s [running] 37,58% Evaluating learner...                                 | 1m13s [running] 37,76% Evaluating learner...                                 / 1m14s [running] 37,94% Evaluating learner...                                 - 1m15s [running] 37,94% Evaluating learner...                                 \ 1m16s [running] 38,31% Evaluating learner...                                 | 1m17s [running] 38,49% Evaluating learner...                                 / 1m18s [running] 38,68% Evaluating learner...                                 - 1m19s [running] 38,86% Evaluating learner...                                 \ 1m19s [running] 39,04% Evaluating learner...                                 | 1m20s [running] 39,23% Evaluating learner...                                 / 1m21s [running] 39,41% Evaluating learner...                                 - 1m22s [running] 39,41% Evaluating learner...                                 \ 1m23s [running] 39,59% Evaluating learner...                                 | 1m24s [running] 39,78% Evaluating learner...                                 / 1m25s [running] 39,96% Evaluating learner...                                 - 1m25s [running] 39,96% Evaluating learner...                                 \ 1m26s [running] 39,96% Evaluating learner...                                 | 1m27s [running] 40,14% Evaluating learner...                                 / 1m28s [running] 40,33% Evaluating learner...                                 - 1m29s [running] 40,51% Evaluating learner...                                 \ 1m30s [running] 40,69% Evaluating learner...                                 | 1m31s [running] 40,88% Evaluating learner...                                 / 1m32s [running] 41,06% Evaluating learner...                                 - 1m33s [running] 41,24% Evaluating learner...                                 \ 1m33s [running] 41,43% Evaluating learner...                                 | 1m34s [running] 41,61% Evaluating learner...                                 / 1m35s [running] 41,79% Evaluating learner...                                 - 1m36s [running] 41,98% Evaluating learner...                                 \ 1m37s [running] 42,16% Evaluating learner...                                 | 1m38s [running] 42,34% Evaluating learner...                                 / 1m39s [running] 42,53% Evaluating learner...                                 - 1m40s [running] 42,71% Evaluating learner...                                 \ 1m41s [running] 42,89% Evaluating learner...                                 | 1m42s [running] 43,26% Evaluating learner...                                 / 1m43s [running] 43,44% Evaluating learner...                                 - 1m44s [running] 43,63% Evaluating learner...                                 \ 1m45s [running] 43,81% Evaluating learner...                                 | 1m46s [running] 43,99% Evaluating learner...                                 / 1m46s [running] 44,18% Evaluating learner...                                 - 1m47s [running] 44,18% Evaluating learner...                                 \ 1m48s [running] 44,54% Evaluating learner...                                 | 1m49s [running] 44,54% Evaluating learner...                                 / 1m50s [running] 44,73% Evaluating learner...                                 - 1m51s [running] 44,91% Evaluating learner...                                 \ 1m52s [running] 44,91% Evaluating learner...                                 | 1m53s [running] 44,91% Evaluating learner...                                 / 1m53s [running] 45,09% Evaluating learner...                                 - 1m54s [running] 45,28% Evaluating learner...                                 \ 1m55s [running] 45,46% Evaluating learner...                                 | 1m56s [running] 45,64% Evaluating learner...                                 / 1m57s [running] 45,83% Evaluating learner...                                 - 1m58s [running] 46,01% Evaluating learner...                                 \ 1m59s [running] 46,19% Evaluating learner...                                 | 2m0s [running] 46,38% Evaluating learner...                                  / 2m1s [running] 46,56% Evaluating learner...                                  - 2m2s [running] 46,74% Evaluating learner...                                  \ 2m3s [running] 46,93% Evaluating learner...                                  | 2m4s [running] 47,11% Evaluating learner...                                  / 2m5s [running] 47,11% Evaluating learner...                                  - 2m5s [running] 47,29% Evaluating learner...                                  \ 2m6s [running] 47,48% Evaluating learner...                                  | 2m7s [running] 47,66% Evaluating learner...                                  / 2m8s [running] 47,84% Evaluating learner...                                  - 2m9s [running] 48,03% Evaluating learner...                                  \ 2m10s [running] 48,21% Evaluating learner...                                 | 2m11s [running] 48,39% Evaluating learner...                                 / 2m12s [running] 48,39% Evaluating learner...                                 - 2m13s [running] 48,57% Evaluating learner...                                 \ 2m14s [running] 48,76% Evaluating learner...                                 | 2m15s [running] 48,94% Evaluating learner...                                 / 2m16s [running] 49,13% Evaluating learner...                                 - 2m17s [running] 49,31% Evaluating learner...                                 \ 2m18s [running] 49,49% Evaluating learner...                                 | 2m18s [running] 49,67% Evaluating learner...                                 / 2m19s [running] 49,86% Evaluating learner...                                 - 2m20s [running] 49,86% Evaluating learner...                                 \ 2m21s [running] 49,86% Evaluating learner...                                 | 2m22s [running] 50,04% Evaluating learner...                                 / 2m23s [running] 50,22% Evaluating learner...                                 - 2m24s [running] 50,41% Evaluating learner...                                 \ 2m25s [running] 50,59% Evaluating learner...                                 | 2m26s [running] 50,77% Evaluating learner...                                 / 2m27s [running] 50,96% Evaluating learner...                                 - 2m28s [running] 51,14% Evaluating learner...                                 \ 2m29s [running] 51,14% Evaluating learner...                                 | 2m29s [running] 51,32% Evaluating learner...                                 / 2m30s [running] 51,51% Evaluating learner...                                 - 2m31s [running] 51,51% Evaluating learner...                                 \ 2m32s [running] 51,69% Evaluating learner...                                 | 2m33s [running] 51,87% Evaluating learner...                                 / 2m34s [running] 52,06% Evaluating learner...                                 - 2m35s [running] 52,24% Evaluating learner...                                 \ 2m36s [running] 52,42% Evaluating learner...                                 | 2m37s [running] 52,61% Evaluating learner...                                 / 2m37s [running] 52,61% Evaluating learner...                                 - 2m38s [running] 52,79% Evaluating learner...                                 \ 2m39s [running] 52,97% Evaluating learner...                                 | 2m40s [running] 53,16% Evaluating learner...                                 / 2m41s [running] 53,34% Evaluating learner...                                 - 2m42s [running] 53,52% Evaluating learner...                                 \ 2m43s [running] 53,52% Evaluating learner...                                 | 2m44s [running] 53,71% Evaluating learner...                                 / 2m45s [running] 53,89% Evaluating learner...                                 - 2m46s [running] 54,07% Evaluating learner...                                 \ 2m47s [running] 54,26% Evaluating learner...                                 | 2m48s [running] 54,44% Evaluating learner...                                 / 2m49s [running] 54,44% Evaluating learner...                                 - 2m50s [running] 54,62% Evaluating learner...                                 \ 2m50s [running] 54,81% Evaluating learner...                                 | 2m51s [running] 54,99% Evaluating learner...                                 / 2m52s [running] 54,99% Evaluating learner...                                 - 2m53s [running] 54,99% Evaluating learner...                                 \ 2m54s [running] 55,17% Evaluating learner...                                 | 2m55s [running] 55,36% Evaluating learner...                                 / 2m56s [running] 55,54% Evaluating learner...                                 - 2m57s [running] 55,54% Evaluating learner...                                 \ 2m58s [running] 55,72% Evaluating learner...                                 | 2m59s [running] 55,91% Evaluating learner...                                 / 3m0s [running] 56,09% Evaluating learner...                                  - 3m1s [running] 56,27% Evaluating learner...                                  \ 3m2s [running] 56,46% Evaluating learner...                                  | 3m3s [running] 56,46% Evaluating learner...                                  / 3m3s [running] 56,64% Evaluating learner...                                  - 3m4s [running] 56,82% Evaluating learner...                                  \ 3m5s [running] 57,01% Evaluating learner...                                  | 3m6s [running] 57,19% Evaluating learner...                                  / 3m7s [running] 57,19% Evaluating learner...                                  - 3m8s [running] 57,37% Evaluating learner...                                  \ 3m9s [running] 57,56% Evaluating learner...                                  | 3m10s [running] 57,74% Evaluating learner...                                 / 3m11s [running] 57,74% Evaluating learner...                                 - 3m12s [running] 57,92% Evaluating learner...                                 \ 3m13s [running] 58,11% Evaluating learner...                                 | 3m14s [running] 58,29% Evaluating learner...                                 / 3m15s [running] 58,29% Evaluating learner...                                 - 3m15s [running] 58,47% Evaluating learner...                                 \ 3m16s [running] 58,66% Evaluating learner...                                 | 3m17s [running] 58,84% Evaluating learner...                                 / 3m18s [running] 59,02% Evaluating learner...                                 - 3m19s [running] 59,21% Evaluating learner...                                 \ 3m20s [running] 59,39% Evaluating learner...                                 | 3m21s [running] 59,39% Evaluating learner...                                 / 3m22s [running] 59,57% Evaluating learner...                                 - 3m23s [running] 59,76% Evaluating learner...                                 \ 3m24s [running] 59,94% Evaluating learner...                                 | 3m25s [running] 59,94% Evaluating learner...                                 / 3m26s [running] 59,94% Evaluating learner...                                 - 3m27s [running] 59,94% Evaluating learner...                                 \ 3m28s [running] 60,12% Evaluating learner...                                 | 3m28s [running] 60,31% Evaluating learner...                                 / 3m29s [running] 60,49% Evaluating learner...                                 - 3m30s [running] 60,49% Evaluating learner...                                 \ 3m31s [running] 60,67% Evaluating learner...                                 | 3m32s [running] 60,86% Evaluating learner...                                 / 3m33s [running] 61,04% Evaluating learner...                                 - 3m34s [running] 61,04% Evaluating learner...                                 \ 3m35s [running] 61,22% Evaluating learner...                                 | 3m36s [running] 61,41% Evaluating learner...                                 / 3m37s [running] 61,59% Evaluating learner...                                 - 3m38s [running] 61,77% Evaluating learner...                                 \ 3m39s [running] 61,77% Evaluating learner...                                 | 3m40s [running] 61,96% Evaluating learner...                                 / 3m41s [running] 62,14% Evaluating learner...                                 - 3m42s [running] 62,32% Evaluating learner...                                 \ 3m42s [running] 62,32% Evaluating learner...                                 | 3m43s [running] 62,51% Evaluating learner...                                 / 3m44s [running] 62,69% Evaluating learner...                                 - 3m45s [running] 62,87% Evaluating learner...                                 \ 3m46s [running] 63,06% Evaluating learner...                                 | 3m47s [running] 63,06% Evaluating learner...                                 / 3m48s [running] 63,24% Evaluating learner...                                 - 3m49s [running] 63,42% Evaluating learner...                                 \ 3m50s [running] 63,61% Evaluating learner...                                 | 3m51s [running] 63,61% Evaluating learner...                                 / 3m52s [running] 63,79% Evaluating learner...                                 - 3m53s [running] 63,97% Evaluating learner...                                 \ 3m54s [running] 64,16% Evaluating learner...                                 | 3m55s [running] 64,16% Evaluating learner...                                 / 3m56s [running] 64,34% Evaluating learner...                                 - 3m57s [running] 64,52% Evaluating learner...                                 \ 3m57s [running] 64,52% Evaluating learner...                                 | 3m58s [running] 64,71% Evaluating learner...                                 / 3m59s [running] 64,89% Evaluating learner...                                 - 4m0s [running] 64,89% Evaluating learner...                                  \ 4m1s [running] 65,07% Evaluating learner...                                  | 4m2s [running] 65,07% Evaluating learner...                                  / 4m3s [running] 65,07% Evaluating learner...                                  - 4m4s [running] 65,07% Evaluating learner...                                  \ 4m5s [running] 65,26% Evaluating learner...                                  | 4m6s [running] 65,44% Evaluating learner...                                  / 4m7s [running] 65,62% Evaluating learner...                                  - 4m7s [running] 65,62% Evaluating learner...                                  \ 4m8s [running] 65,81% Evaluating learner...                                  | 4m9s [running] 65,99% Evaluating learner...                                  / 4m10s [running] 66,17% Evaluating learner...                                 - 4m11s [running] 66,17% Evaluating learner...                                 \ 4m12s [running] 66,36% Evaluating learner...                                 | 4m13s [running] 66,54% Evaluating learner...                                 / 4m14s [running] 66,54% Evaluating learner...                                 - 4m15s [running] 66,72% Evaluating learner...                                 \ 4m16s [running] 66,91% Evaluating learner...                                 | 4m17s [running] 67,09% Evaluating learner...                                 / 4m18s [running] 67,09% Evaluating learner...                                 - 4m19s [running] 67,27% Evaluating learner...                                 \ 4m20s [running] 67,46% Evaluating learner...                                 | 4m20s [running] 67,46% Evaluating learner...                                 / 4m21s [running] 67,64% Evaluating learner...                                 - 4m22s [running] 67,82% Evaluating learner...                                 \ 4m23s [running] 67,82% Evaluating learner...                                 | 4m24s [running] 68,01% Evaluating learner...                                 / 4m25s [running] 68,19% Evaluating learner...                                 - 4m26s [running] 68,19% Evaluating learner...                                 \ 4m27s [running] 68,37% Evaluating learner...                                 | 4m28s [running] 68,56% Evaluating learner...                                 / 4m29s [running] 68,56% Evaluating learner...                                 - 4m30s [running] 68,74% Evaluating learner...                                 \ 4m31s [running] 68,92% Evaluating learner...                                 | 4m32s [running] 68,92% Evaluating learner...                                 / 4m33s [running] 69,11% Evaluating learner...                                 - 4m33s [running] 69,29% Evaluating learner...                                 \ 4m34s [running] 69,29% Evaluating learner...                                 | 4m35s [running] 69,47% Evaluating learner...                                 / 4m36s [running] 69,66% Evaluating learner...                                 - 4m37s [running] 69,65% Evaluating learner...                                 \ 4m38s [running] 69,84% Evaluating learner...                                 | 4m39s [running] 70,02% Evaluating learner...                                 / 4m40s [running] 70,02% Evaluating learner...                                 - 4m41s [running] 70,02% Evaluating learner...                                 \ 4m42s [running] 70,02% Evaluating learner...                                 | 4m43s [running] 70,21% Evaluating learner...                                 / 4m44s [running] 70,21% Evaluating learner...                                 - 4m44s [running] 70,39% Evaluating learner...                                 \ 4m45s [running] 70,57% Evaluating learner...                                 | 4m46s [running] 70,57% Evaluating learner...                                 / 4m47s [running] 70,76% Evaluating learner...                                 - 4m48s [running] 70,94% Evaluating learner...                                 \ 4m49s [running] 70,94% Evaluating learner...                                 | 4m50s [running] 71,12% Evaluating learner...                                 / 4m51s [running] 71,30% Evaluating learner...                                 - 4m52s [running] 71,31% Evaluating learner...                                 \ 4m53s [running] 71,49% Evaluating learner...                                 | 4m54s [running] 71,49% Evaluating learner...                                 / 4m55s [running] 71,67% Evaluating learner...                                 - 4m56s [running] 71,86% Evaluating learner...                                 \ 4m57s [running] 71,86% Evaluating learner...                                 | 4m58s [running] 72,04% Evaluating learner...                                 / 4m58s [running] 72,22% Evaluating learner...                                 - 4m59s [running] 72,22% Evaluating learner...                                 \ 5m0s [running] 72,41% Evaluating learner...                                  | 5m1s [running] 72,59% Evaluating learner...                                  / 5m2s [running] 72,59% Evaluating learner...                                  - 5m3s [running] 72,77% Evaluating learner...                                  \ 5m4s [running] 72,96% Evaluating learner...                                  | 5m5s [running] 72,95% Evaluating learner...                                  / 5m6s [running] 73,14% Evaluating learner...                                  - 5m7s [running] 73,32% Evaluating learner...                                  \ 5m8s [running] 73,32% Evaluating learner...                                  | 5m9s [running] 73,50% Evaluating learner...                                  / 5m10s [running] 73,50% Evaluating learner...                                 - 5m11s [running] 73,69% Evaluating learner...                                 \ 5m12s [running] 73,69% Evaluating learner...                                 | 5m12s [running] 73,87% Evaluating learner...                                 / 5m13s [running] 74,05% Evaluating learner...                                 - 5m14s [running] 74,05% Evaluating learner...                                 \ 5m15s [running] 74,24% Evaluating learner...                                 | 5m16s [running] 74,42% Evaluating learner...                                 / 5m17s [running] 74,42% Evaluating learner...                                 - 5m18s [running] 74,60% Evaluating learner...                                 \ 5m19s [running] 74,79% Evaluating learner...                                 | 5m20s [running] 74,79% Evaluating learner...                                 / 5m21s [running] 74,97% Evaluating learner...                                 - 5m22s [running] 74,97% Evaluating learner...                                 \ 5m23s [running] 74,97% Evaluating learner...                                 | 5m24s [running] 75,15% Evaluating learner...                                 / 5m25s [running] 75,15% Evaluating learner...                                 - 5m25s [running] 75,34% Evaluating learner...                                 \ 5m26s [running] 75,52% Evaluating learner...                                 | 5m27s [running] 75,52% Evaluating learner...                                 / 5m28s [running] 75,70% Evaluating learner...                                 - 5m29s [running] 75,70% Evaluating learner...                                 \ 5m30s [running] 75,89% Evaluating learner...                                 | 5m31s [running] 76,07% Evaluating learner...                                 / 5m32s [running] 76,07% Evaluating learner...                                 - 5m33s [running] 76,25% Evaluating learner...                                 \ 5m34s [running] 76,25% Evaluating learner...                                 | 5m35s [running] 76,44% Evaluating learner...                                 / 5m36s [running] 76,62% Evaluating learner...                                 - 5m37s [running] 76,62% Evaluating learner...                                 \ 5m38s [running] 76,80% Evaluating learner...                                 | 5m39s [running] 76,80% Evaluating learner...                                 / 5m40s [running] 76,99% Evaluating learner...                                 - 5m41s [running] 77,17% Evaluating learner...                                 \ 5m41s [running] 77,17% Evaluating learner...                                 | 5m42s [running] 77,35% Evaluating learner...                                 / 5m43s [running] 77,54% Evaluating learner...                                 - 5m44s [running] 77,54% Evaluating learner...                                 \ 5m45s [running] 77,72% Evaluating learner...                                 | 5m46s [running] 77,90% Evaluating learner...                                 / 5m47s [running] 77,90% Evaluating learner...                                 - 5m48s [running] 78,09% Evaluating learner...                                 \ 5m49s [running] 78,09% Evaluating learner...                                 | 5m50s [running] 78,27% Evaluating learner...                                 / 5m51s [running] 78,45% Evaluating learner...                                 - 5m52s [running] 78,45% Evaluating learner...                                 \ 5m53s [running] 78,64% Evaluating learner...                                 | 5m54s [running] 78,82% Evaluating learner...                                 / 5m55s [running] 78,82% Evaluating learner...                                 - 5m56s [running] 79,00% Evaluating learner...                                 \ 5m57s [running] 79,00% Evaluating learner...                                 | 5m58s [running] 79,19% Evaluating learner...                                 / 5m59s [running] 79,19% Evaluating learner...                                 - 6m0s [running] 79,37% Evaluating learner...                                  \ 6m0s [running] 79,55% Evaluating learner...                                  | 6m1s [running] 79,55% Evaluating learner...                                  / 6m2s [running] 79,74% Evaluating learner...                                  - 6m3s [running] 79,74% Evaluating learner...                                  \ 6m4s [running] 79,92% Evaluating learner...                                  | 6m5s [running] 80,10% Evaluating learner...                                  / 6m6s [running] 80,10% Evaluating learner...                                  - 6m7s [running] 80,10% Evaluating learner...                                  \ 6m8s [running] 80,10% Evaluating learner...                                  | 6m9s [running] 80,10% Evaluating learner...                                  / 6m9s [running] 80,10% Evaluating learner...                                  - 6m10s [running] 80,29% Evaluating learner...                                 \ 6m11s [running] 80,29% Evaluating learner...                                 | 6m12s [running] 80,47% Evaluating learner...                                 / 6m13s [running] 80,47% Evaluating learner...                                 - 6m14s [running] 80,65% Evaluating learner...                                 \ 6m14s [running] 80,84% Evaluating learner...                                 | 6m15s [running] 80,84% Evaluating learner...                                 / 6m16s [running] 81,02% Evaluating learner...                                 - 6m17s [running] 81,02% Evaluating learner...                                 \ 6m18s [running] 81,20% Evaluating learner...                                 | 6m19s [running] 81,20% Evaluating learner...                                 / 6m20s [running] 81,39% Evaluating learner...                                 - 6m21s [running] 81,39% Evaluating learner...                                 \ 6m22s [running] 81,57% Evaluating learner...                                 | 6m23s [running] 81,75% Evaluating learner...                                 / 6m24s [running] 81,75% Evaluating learner...                                 - 6m25s [running] 81,94% Evaluating learner...                                 \ 6m26s [running] 81,94% Evaluating learner...                                 | 6m27s [running] 82,12% Evaluating learner...                                 / 6m27s [running] 82,12% Evaluating learner...                                 - 6m28s [running] 82,30% Evaluating learner...                                 \ 6m29s [running] 82,30% Evaluating learner...                                 | 6m30s [running] 82,49% Evaluating learner...                                 / 6m31s [running] 82,49% Evaluating learner...                                 - 6m32s [running] 82,67% Evaluating learner...                                 \ 6m33s [running] 82,85% Evaluating learner...                                 | 6m34s [running] 82,85% Evaluating learner...                                 / 6m35s [running] 83,04% Evaluating learner...                                 - 6m36s [running] 83,04% Evaluating learner...                                 \ 6m37s [running] 83,22% Evaluating learner...                                 | 6m38s [running] 83,22% Evaluating learner...                                 / 6m39s [running] 83,40% Evaluating learner...                                 - 6m40s [running] 83,40% Evaluating learner...                                 \ 6m41s [running] 83,59% Evaluating learner...                                 | 6m41s [running] 83,77% Evaluating learner...                                 / 6m42s [running] 83,77% Evaluating learner...                                 - 6m43s [running] 83,95% Evaluating learner...                                 \ 6m44s [running] 83,95% Evaluating learner...                                 | 6m45s [running] 84,14% Evaluating learner...                                 / 6m46s [running] 84,32% Evaluating learner...                                 - 6m47s [running] 84,32% Evaluating learner...                                 \ 6m48s [running] 84,50% Evaluating learner...                                 | 6m49s [running] 84,50% Evaluating learner...                                 / 6m50s [running] 84,50% Evaluating learner...                                 - 6m51s [running] 84,69% Evaluating learner...                                 \ 6m52s [running] 84,69% Evaluating learner...                                 | 6m53s [running] 84,87% Evaluating learner...                                 / 6m53s [running] 84,87% Evaluating learner...                                 - 6m54s [running] 85,05% Evaluating learner...                                 \ 6m55s [running] 85,05% Evaluating learner...                                 | 6m56s [running] 85,05% Evaluating learner...                                 / 6m57s [running] 85,05% Evaluating learner...                                 - 6m58s [running] 85,05% Evaluating learner...                                 \ 6m59s [running] 85,24% Evaluating learner...                                 | 7m0s [running] 85,42% Evaluating learner...                                  / 7m1s [running] 85,42% Evaluating learner...                                  - 7m2s [running] 85,60% Evaluating learner...                                  \ 7m3s [running] 85,60% Evaluating learner...                                  | 7m4s [running] 85,79% Evaluating learner...                                  / 7m5s [running] 85,79% Evaluating learner...                                  - 7m6s [running] 85,97% Evaluating learner...                                  \ 7m7s [running] 86,15% Evaluating learner...                                  | 7m7s [running] 86,15% Evaluating learner...                                  / 7m8s [running] 86,34% Evaluating learner...                                  - 7m9s [running] 86,34% Evaluating learner...                                  \ 7m10s [running] 86,52% Evaluating learner...                                 | 7m11s [running] 86,52% Evaluating learner...                                 / 7m12s [running] 86,70% Evaluating learner...                                 - 7m13s [running] 86,70% Evaluating learner...                                 \ 7m14s [running] 86,89% Evaluating learner...                                 | 7m15s [running] 87,07% Evaluating learner...                                 / 7m16s [running] 87,07% Evaluating learner...                                 - 7m17s [running] 87,25% Evaluating learner...                                 \ 7m18s [running] 87,25% Evaluating learner...                                 | 7m19s [running] 87,44% Evaluating learner...                                 / 7m20s [running] 87,44% Evaluating learner...                                 - 7m21s [running] 87,62% Evaluating learner...                                 \ 7m22s [running] 87,62% Evaluating learner...                                 | 7m23s [running] 87,80% Evaluating learner...                                 / 7m24s [running] 87,80% Evaluating learner...                                 - 7m25s [running] 87,99% Evaluating learner...                                 \ 7m26s [running] 87,99% Evaluating learner...                                 | 7m26s [running] 88,17% Evaluating learner...                                 / 7m27s [running] 88,35% Evaluating learner...                                 - 7m28s [running] 88,35% Evaluating learner...                                 \ 7m29s [running] 88,54% Evaluating learner...                                 | 7m30s [running] 88,54% Evaluating learner...                                 / 7m31s [running] 88,72% Evaluating learner...                                 - 7m32s [running] 88,72% Evaluating learner...                                 \ 7m33s [running] 88,90% Evaluating learner...                                 | 7m34s [running] 88,90% Evaluating learner...                                 / 7m35s [running] 89,09% Evaluating learner...                                 - 7m36s [running] 89,27% Evaluating learner...                                 \ 7m37s [running] 89,27% Evaluating learner...                                 | 7m38s [running] 89,27% Evaluating learner...                                 / 7m39s [running] 89,45% Evaluating learner...                                 - 7m40s [running] 89,64% Evaluating learner...                                 \ 7m41s [running] 89,64% Evaluating learner...                                 | 7m42s [running] 89,82% Evaluating learner...                                 / 7m43s [running] 89,82% Evaluating learner...                                 - 7m44s [running] 89,82% Evaluating learner...                                 \ 7m45s [running] 90,00% Evaluating learner...                                 | 7m45s [running] 90,00% Evaluating learner...                                 / 7m46s [running] 90,00% Evaluating learner...                                 - 7m47s [running] 90,00% Evaluating learner...                                 \ 7m48s [running] 90,00% Evaluating learner...                                 | 7m49s [running] 90,19% Evaluating learner...                                 / 7m50s [running] 90,37% Evaluating learner...                                 - 7m51s [running] 90,37% Evaluating learner...                                 \ 7m52s [running] 90,55% Evaluating learner...                                 | 7m53s [running] 90,55% Evaluating learner...                                 / 7m54s [running] 90,74% Evaluating learner...                                 - 7m55s [running] 90,74% Evaluating learner...                                 \ 7m56s [running] 90,92% Evaluating learner...                                 | 7m57s [running] 90,92% Evaluating learner...                                 / 7m58s [running] 91,10% Evaluating learner...                                 - 7m59s [running] 91,29% Evaluating learner...                                 \ 8m0s [running] 91,29% Evaluating learner...                                  | 8m1s [running] 91,29% Evaluating learner...                                  / 8m2s [running] 91,47% Evaluating learner...                                  - 8m2s [running] 91,47% Evaluating learner...                                  \ 8m3s [running] 91,65% Evaluating learner...                                  | 8m4s [running] 91,84% Evaluating learner...                                  / 8m5s [running] 91,84% Evaluating learner...                                  - 8m6s [running] 92,02% Evaluating learner...                                  \ 8m7s [running] 92,02% Evaluating learner...                                  | 8m8s [running] 92,02% Evaluating learner...                                  / 8m9s [running] 92,20% Evaluating learner...                                  - 8m10s [running] 92,20% Evaluating learner...                                 \ 8m11s [running] 92,39% Evaluating learner...                                 | 8m11s [running] 92,39% Evaluating learner...                                 / 8m12s [running] 92,57% Evaluating learner...                                 - 8m13s [running] 92,57% Evaluating learner...                                 \ 8m13s [running] 92,57% Evaluating learner...                                 | 8m14s [running] 92,57% Evaluating learner...                                 / 8m15s [running] 92,75% Evaluating learner...                                 - 8m16s [running] 92,75% Evaluating learner...                                 \ 8m17s [running] 92,93% Evaluating learner...                                 | 8m17s [running] 92,93% Evaluating learner...                                 / 8m18s [running] 93,12% Evaluating learner...                                 - 8m19s [running] 93,12% Evaluating learner...                                 \ 8m20s [running] 93,12% Evaluating learner...                                 | 8m21s [running] 93,30% Evaluating learner...                                 / 8m22s [running] 93,30% Evaluating learner...                                 - 8m23s [running] 93,48% Evaluating learner...                                 \ 8m23s [running] 93,49% Evaluating learner...                                 | 8m24s [running] 93,67% Evaluating learner...                                 / 8m25s [running] 93,67% Evaluating learner...                                 - 8m26s [running] 93,67% Evaluating learner...                                 \ 8m27s [running] 93,85% Evaluating learner...                                 | 8m28s [running] 93,85% Evaluating learner...                                 / 8m29s [running] 94,03% Evaluating learner...                                 - 8m29s [running] 94,03% Evaluating learner...                                 \ 8m30s [running] 94,22% Evaluating learner...                                 | 8m31s [running] 94,22% Evaluating learner...                                 / 8m32s [running] 94,22% Evaluating learner...                                 - 8m33s [running] 94,40% Evaluating learner...                                 \ 8m34s [running] 94,40% Evaluating learner...                                 | 8m35s [running] 94,58% Evaluating learner...                                 / 8m36s [running] 94,58% Evaluating learner...                                 - 8m37s [running] 94,77% Evaluating learner...                                 \ 8m38s [running] 94,77% Evaluating learner...                                 | 8m38s [running] 94,77% Evaluating learner...                                 / 8m39s [running] 94,95% Evaluating learner...                                 - 8m40s [running] 94,95% Evaluating learner...                                 \ 8m41s [running] 95,13% Evaluating learner...                                 | 8m42s [running] 95,13% Evaluating learner...                                 / 8m43s [running] 95,13% Evaluating learner...                                 - 8m44s [running] 95,13% Evaluating learner...                                 \ 8m45s [running] 95,13% Evaluating learner...                                 | 8m45s [running] 95,13% Evaluating learner...                                 / 8m46s [running] 95,14% Evaluating learner...                                 - 8m47s [running] 95,32% Evaluating learner...                                 \ 8m48s [running] 95,32% Evaluating learner...                                 | 8m49s [running] 95,32% Evaluating learner...                                 / 8m50s [running] 95,50% Evaluating learner...                                 - 8m51s [running] 95,50% Evaluating learner...                                 \ 8m52s [running] 95,68% Evaluating learner...                                 | 8m53s [running] 95,68% Evaluating learner...                                 / 8m54s [running] 95,87% Evaluating learner...                                 - 8m55s [running] 95,87% Evaluating learner...                                 \ 8m55s [running] 96,05% Evaluating learner...                                 | 8m56s [running] 96,05% Evaluating learner...                                 / 8m57s [running] 96,05% Evaluating learner...                                 - 8m58s [running] 96,23% Evaluating learner...                                 \ 8m59s [running] 96,23% Evaluating learner...                                 | 9m0s [running] 96,42% Evaluating learner...                                  / 9m1s [running] 96,42% Evaluating learner...                                  - 9m2s [running] 96,42% Evaluating learner...                                  \ 9m3s [running] 96,60% Evaluating learner...                                  | 9m4s [running] 96,60% Evaluating learner...                                  / 9m5s [running] 96,78% Evaluating learner...                                  - 9m6s [running] 96,78% Evaluating learner...                                  \ 9m7s [running] 96,97% Evaluating learner...                                  | 9m7s [running] 96,97% Evaluating learner...                                  / 9m8s [running] 97,15% Evaluating learner...                                  - 9m9s [running] 97,15% Evaluating learner...                                  \ 9m10s [running] 97,15% Evaluating learner...                                 | 9m11s [running] 97,33% Evaluating learner...                                 / 9m12s [running] 97,33% Evaluating learner...                                 - 9m13s [running] 97,52% Evaluating learner...                                 \ 9m14s [running] 97,52% Evaluating learner...                                 | 9m15s [running] 97,70% Evaluating learner...                                 / 9m16s [running] 97,70% Evaluating learner...                                 - 9m17s [running] 97,88% Evaluating learner...                                 \ 9m18s [running] 97,88% Evaluating learner...                                 | 9m19s [running] 98,07% Evaluating learner...                                 / 9m20s [running] 98,07% Evaluating learner...                                 - 9m20s [running] 98,25% Evaluating learner...                                 \ 9m21s [running] 98,25% Evaluating learner...                                 | 9m22s [running] 98,25% Evaluating learner...                                 / 9m23s [running] 98,43% Evaluating learner...                                 - 9m24s [running] 98,43% Evaluating learner...                                 \ 9m25s [running] 98,62% Evaluating learner...                                 | 9m26s [running] 98,62% Evaluating learner...                                 / 9m27s [running] 98,80% Evaluating learner...                                 - 9m28s [running] 98,80% Evaluating learner...                                 \ 9m29s [running] 98,98% Evaluating learner...                                 | 9m30s [running] 98,98% Evaluating learner...                                 / 9m31s [running] 98,98% Evaluating learner...                                 - 9m32s [running] 99,17% Evaluating learner...                                 \ 9m32s [running] 99,17% Evaluating learner...                                 | 9m33s [running] 99,35% Evaluating learner...                                 / 9m34s [running] 99,35% Evaluating learner...                                 - 9m35s [running] 99,53% Evaluating learner...                                 \ 9m36s [running] 99,53% Evaluating learner...                                 | 9m37s [running] 99,53% Evaluating learner...                                 / 9m38s [running] 99,72% Evaluating learner...                                 - 9m39s [running] 99,72% Evaluating learner...                                 \ 9m40s [running] 99,90% Evaluating learner...                                 | 9m41s [running] 99,90% Evaluating learner...                                 / 9m42s [running] 100,00% Evaluating learner...                                - 9m43s [running] 100,00% Evaluating learner...                                \ 9m44s [running] 100,00% Evaluating learner...                                | 9m44s [running] 100,00% Evaluating learner...                                / 9m45s [running] 100,00% Evaluating learner...                                - 9m46s [running] 100,00% Evaluating learner...                                                                                                               
Task completed in 9m46s (CPU time)

